 46
 47
 46
 46
 45
 51
 54
 70
 213
 182
 173
 174
 173
 173
 173
 178
 181
 196
 86
 54
 45
 46
 45
 45
 44
 49
 52
 68
 215
 182
 173
 175
 174
 174
 173
 180
 183
 200
 81
 54
 45
 47
 46
 46
 46
 53
 56
 75
 206
 181
 173
 175
 174
 175
 175
 183
 186
 206
 75
 53
 46
 48
 47
 48
 48
 56
 59
 81
 201
 180
 173
 175
 174
 175
 175
 182
 185
 203
 77
 53
 45
 47
 46
 47
 46
 51
 53
 68
 219
 185
 174
 176
 175
 175
 174
 179
 182
 196
 91
 56
 46
 48
 47
 47
 46
 51
 54
 70
 213
 182
 173
 175
 174
 174
 174
 180
 184
 203
 79
 52
 44
 46
 45
 46
 45
 52
 56
 74
 206
 180
 172
 174
 172
 173
 172
 178
 182
 199
 83
 54
 45
 47
 45
 45
 44
 49
 53
 68
 219
 183
 174
 175
 174
 174
 173
 178
 181
 195
 94
 56
 46
 47
 46
 46
 45
 51
 54
 68
 221
 184
 174
 176
 175
 175
 174
 181
 183
 200
 84
 53
 45
 47
 46
 46
 46
 52
 55
 73
 207
 180
 172
 174
 173
 174
 173
 179
 182
 198
 83
 54
 45
 47
 46
 46
 45
 51
 54
 70
 215
 184
 174
 175
 174
 175
 174
 180
 183
 199
 86
 56
 47
 49
 47
 47
 46
 52
 55
 72
 213
 184
 174
 176
 175
 175
 174
 180
 183
 198
 86
 55
 46
 47
 46
 46
 45
 50
 53
 68
 216
 183
 173
 174
 173
 173
 172
 177
 180
 195
 88
 54
 44
 46
 44
 44
 43
 47
 52
 66
 216
 182
 172
 173
 172
 172
 171
 175
 180
 193
 91
 56
 46
 46
 45
 45
 44
 48
 52
 66
 219
 185
 174
 175
 173
 174
 173
 179
 183
 200
 84
 55
 46
 47
 45
 46
 45
 52
 57
 74
 207
 182
 173
 174
 173
 173
 173
 179
 183
 201
 79
 54
 45
 46
 44
 45
 44
 50
 54
 68
 214
 183
 174
 175
 173
 173
 172
 177
 181
 195
 89
 56
 46
 48
 46
 47
 46
 52
 55
 69
 216
 184
 175
 177
 175
 175
 175
 182
 185
 202
 78
 54
 46
 47
 46
 47
 47
 54
 58
 77
 204
 181
 173
 175
 174
 175
 174
 181
 186
 205
 77
 53
 45
 47
 46
 47
 46
 54
 58
 75
 206
 181
 173
 174
 173
 174
 173
 180
 185
 200
 82
 54
 46
 47
 46
 46
 45
 51
 54
 69
 218
 184
 174
 175
 174
 174
 173
 178
 182
 196
 91
 56
 46
 47
 46
 46
 45
 50
 53
 68
 217
 182
 173
 174
 173
 174
 173
 179
 183
 200
 82
 53
 45
 46
 45
 45
 45
 51
 55
 73
 208
 180
 172
 174
 172
 173
 172
 178
 182
 200
 84
 54
 45
 46
 45
 45
 45
 50
 54
 71
 214
 182
 174
 175
 173
 174
 173
 179
 183
 199
 88
 55
 46
 48
 46
 46
 46
 52
 55
 70
 218
 184
 174
 176
 174
 174
 173
 179
 183
 199
 88
 55
 45
 47
 45
 45
 44
 50
 53
 68
 218
 183
 173
 175
 172
 173
 172
 177
 181
 196
 92
 56
 46
 47
 45
 45
 45
 50
 54
 69
 218
 184
 174
 175
 173
 173
 172
 178
 182
 199
 84
 55
 46
 47
 45
 46
 46
 52
 56
 74
 210
 182
 173
 175
 173
 174
 174
 180
 185
 203
 79
 53
 45
 46
 45
 45
 45
 51
 55
 71
 216
 183
 173
 175
 173
 173
 173
 180
 183
 198
 88
 55
 45
 46
 45
 46
 45
 52
 57
 73
 212
 181
 172
 174
 173
 173
 173
 180
 184
 202
 83
 54
 45
 47
 46
 46
 46
 53
 57
 75
 211
 183
 174
 177
 175
 176
 175
 183
 187
 205
 80
 55
 47
 50
 47
 47
 47
 54
 57
 74
 212
 183
 174
 175
 174
 174
 174
 180
 183
 199
 87
 55
 46
 47
 45
 45
 44
 49
 53
 67
 219
 183
 173
 175
 173
 173
 172
 178
 182
 198
 86
 54
 45
 47
 46
 46
 46
 52
 56
 74
 207
 181
 173
 175
 173
 174
 174
 181
 185
 204
 79
 53
 45
 47
 46
 46
 46
 52
 56
 72
 217
 184
 174
 176
 174
 174
 173
 179
 183
 199
 89
 56
 46
 47
 46
 47
 46
 52
 55
 68
 227
 185
 174
 176
 174
 175
 174
 181
 183
 197
 93
 57
 46
 48
 46
 47
 46
 53
 56
 72
 214
 183
 173
 175
 173
 173
 172
 177
 181
 196
 90
 55
 45
 47
 45
 45
 44
 48
 52
 66
 222
 185
 174
 175
 174
 174
 173
 177
 180
 195
 94
 57
 46
 47
 46
 46
 45
 50
 53
 68
 226
 186
 175
 177
 175
 175
 174
 180
 182
 198
 93
 58
 47
 49
 47
 47
 47
 54
 57
 75
 210
 183
 174
 175
 175
 175
 175
 181
 185
 203
 80
 54
 45
 47
 46
 47
 46
 53
 57
 75
 206
 181
 172
 173
 172
 173
 172
 179
 183
 200
 79
 52
 44
 45
 44
 44
 43
 48
 53
 69
 214
 182
 173
 174
 172
 173
 172
 177
 182
 199
 84
 54
 45
 47
 45
 46
 45
 50
 54
 69
 221
 185
 174
 175
 174
 174
 174
 180
 184
 199
 90
 57
 47
 49
 47
 47
 47
 53
 57
 74
 213
 183
 174
 175
 173
 174
 173
 178
 183
 200
 84
 54
 45
 47
 45
 45
 44
 49
 53
 67
 219
 184
 173
 175
 173
 173
 173
 177
 181
 197
 86
 55
 45
 47
 46
 46
 45
 50
 54
 69
 215
 183
 174
 175
 174
 174
 173
 179
 183
 198
 88
 56
 46
 49
 47
 47
 47
 53
 56
 70
 218
 184
 175
 178
 175
 175
 175
 181
 185
 201
 84
 55
 46
 48
 47
 47
 47
 54
 57
 73
 211
 183
 174
 175
 174
 174
 174
 180
 184
 200
 84
 54
 45
 46
 45
 46
 45
 51
 54
 71
 214
 182
 173
 174
 173
 174
 173
 180
 184
 201
 81
 54
 45
 47
 45
 46
 45
 50
 54
 69
 213
 182
 173
 174
 174
 174
 173
 178
 182
 196
 91
 56
 46
 49
 47
 47
 46
 52
 55
 69
 219
 184
 174
 175
 175
 175
 174
 181
 185
 201
 82
 54
 46
 47
 46
 46
 45
 50
 53
 68
 216
 183
 173
 174
 172
 173
 172
 177
 180
 196
 90
 56
 45
 46
 44
 45
 44
 48
 51
 65
 219
 183
 173
 173
 171
 172
 172
 176
 181
 198
 84
 54
 45
 45
 44
 44
 43
 48
 53
 72
 207
 181
 172
 173
 172
 173
 172
 177
 182
 200
 79
 54
 45
 47
 46
 46
 45
 50
 54
 70
 217
 184
 174
 176
 174
 175
 174
 179
 183
 198
 92
 58
 48
 50
 47
 48
 46
 52
 54
 68
 222
 185
 175
 177
 175
 175
 174
 180
 183
 199
 84
 55
 46
 47
 46
 46
 45
 50
 54
 69
 212
 182
 173
 174
 173
 173
 172
 177
 181
 194
 89
 54
 45
 46
 45
 45
 44
 49
 53
 69
 214
 182
 173
 175
 174
 174
 173
 180
 184
 198
 84
 54
 45
 47
 45
 46
 45
 51
 55
 70
 213
 183
 173
